idle,[264,461,574,196,533,595]),
idle,[261,456,569,191,527,588]),
idle,[264,458,573,195,531,593]),
idle,[259,454,568,192,528,590]),
idle,[264,461,575,197,535,597]),
idle,[260,456,570,192,529,590]),
idle,[264,459,573,194,530,591]),
idle,[258,452,566,190,525,586]),
idle,[262,457,572,195,531,594]),
idle,[262,458,572,195,533,594]),
idle,[265,460,575,196,532,594]),
idle,[263,459,573,195,531,592]),
idle,[260,453,567,190,525,588]),
idle,[261,457,571,194,532,594]),
idle,[260,455,569,191,528,590]),
idle,[265,462,575,197,534,596]),
idle,[261,455,569,191,526,587]),
idle,[263,457,572,194,531,593]),
idle,[260,454,569,192,529,591]),
idle,[265,461,575,197,534,596]),
idle,[261,456,569,192,528,590]),
idle,[262,456,570,192,527,589]),
idle,[258,452,566,191,526,588]),
idle,[261,456,570,194,530,592]),
idle,[262,460,571,195,533,594]),
idle,[260,456,568,191,527,588]),
idle,[260,457,567,191,527,587]),
idle,[255,448,560,185,521,581]),
idle,[261,458,569,193,531,591]),
idle,[258,455,566,189,527,586]),
idle,[264,461,572,193,532,591]),
idle,[259,453,565,187,524,582]),
idle,[260,455,567,188,528,587]),
idle,[258,453,564,187,526,586]),
idle,[262,458,567,189,530,588]),
idle,[260,456,565,188,528,585]),
idle,[261,454,563,186,524,583]),
idle,[259,453,562,187,527,585]),
idle,[259,454,563,186,527,586]),
idle,[262,458,566,190,531,589]),
idle,[258,452,561,184,523,580]),
idle,[261,454,564,187,526,584]),
idle,[255,447,556,183,519,578]),
idle,[261,457,568,190,529,590]),
idle,[259,454,563,189,525,585]),
idle,[261,458,567,190,526,586]),
idle,[256,452,561,187,520,582]),
idle,[255,453,562,189,522,584]),
idle,[253,455,563,190,523,586]),
idle,[251,458,566,192,525,588]),
idle,[247,459,565,192,525,586]),
idle,[240,453,561,187,519,581]),
idle,[236,457,563,192,526,587]),
idle,[230,454,561,189,522,584]),
idle,[230,462,569,195,529,592]),
idle,[226,456,562,188,520,582]),
idle,[227,459,566,191,522,586]),
idle,[224,454,560,188,521,583]),
idle,[226,461,567,192,526,590]),
idle,[225,460,565,191,524,588]),
idle,[225,461,567,192,523,586]),
idle,[222,456,562,187,518,582]),
idle,[224,455,563,188,519,585]),
idle,[227,460,565,189,523,587]),
idle,[226,458,564,188,519,585]),
idle,[227,462,566,191,521,586]),
idle,[224,452,558,183,512,578]),
idle,[230,460,564,190,521,587]),
idle,[231,456,560,185,517,582]),
idle,[236,463,567,191,522,589]),
idle,[232,458,560,186,516,581]),
idle,[237,458,562,186,517,583]),
idle,[236,456,554,186,517,582]),
idle,[238,461,564,190,521,585]),
idle,[238,463,568,191,522,588]),
idle,[238,459,568,191,519,587]),
idle,[237,457,567,191,520,587]),
idle,[235,452,566,190,518,588]),
idle,[237,460,571,196,526,593]),
idle,[237,453,566,189,518,586]),
idle,[238,459,571,195,523,590]),
idle,[232,450,562,189,516,583]),
idle,[232,456,570,196,523,593]),
idle,[233,456,568,196,522,591]),
idle,[238,457,570,196,521,592]),
idle,[240,454,565,193,517,586]),
idle,[243,452,564,192,516,586]),
idle,[248,456,566,194,520,590]),
idle,[250,457,568,195,520,592]),
idle,[256,463,571,197,523,594]),
idle,[252,455,566,193,514,588]),
idle,[253,460,567,195,518,591]),
idle,[249,453,562,191,513,588]),
idle,[256,463,571,198,522,596]),
idle,[253,459,567,193,517,590]),
idle,[256,461,570,195,517,592]),
idle,[252,456,565,191,515,589]),
idle,[253,458,568,193,517,593]),
idle,[254,460,568,193,518,593]),
idle,[253,462,568,190,518,591]),
idle,[251,461,568,192,516,590]),
idle,[247,455,564,191,514,589]),
idle,[253,463,570,193,521,596]),
idle,[250,458,567,192,517,593]),
idle,[255,466,572,195,521,596]),
idle,[250,456,564,187,511,586]),
idle,[253,460,567,191,517,593]),
idle,[250,458,565,189,515,591]),
idle,[255,465,572,194,521,598]),
idle,[255,464,569,192,518,593]),
idle,[254,462,568,190,515,591]),
idle,[252,459,565,188,515,591]),
idle,[253,460,567,189,516,593]),
idle,[255,464,571,191,519,596]),
idle,[253,461,567,187,516,591]),
idle,[256,464,570,187,516,592]),
idle,[250,454,563,183,512,588]),
idle,[257,465,572,188,521,597]),
idle,[253,458,567,185,515,591]),
idle,[258,465,572,188,521,595]),
idle,[253,456,564,181,510,586]),
idle,[255,458,568,185,517,593]),
idle,[256,461,569,184,518,594]),
idle,[258,462,571,185,519,595]),
idle,[258,462,570,183,518,593]),
idle,[256,458,567,180,513,589]),
idle,[255,457,568,180,515,592]),
idle,[253,457,566,180,516,591]),
idle,[260,464,573,184,520,596]),
idle,[232,457,567,182,514,589]),
idle,[251,463,571,185,516,593]),
idle,[243,454,565,185,512,590]),
idle,[250,464,573,193,521,598]),
idle,[250,461,569,189,516,592]),
idle,[251,464,572,192,518,594]),
idle,[244,459,566,188,514,589]),
idle,[234,460,569,191,517,594]),
idle,[232,462,570,193,520,595]),
idle,[243,464,572,193,520,595]),
idle,[234,464,572,193,518,593]),
idle,[232,457,566,191,514,589]),
idle,[238,463,570,195,520,595]),
idle,[229,460,567,195,518,592]),
idle,[274,470,574,199,525,597]),
idle,[267,460,565,193,515,587]),
idle,[270,463,569,197,520,592]),
idle,[266,459,564,186,517,589]),
idle,[271,465,571,188,521,587]),
idle,[269,463,565,188,519,572]),
idle,[270,462,564,188,516,576]),
idle,[267,457,558,187,514,573]),
idle,[266,460,561,189,517,575]),
idle,[270,464,566,191,521,581]),
idle,[267,462,564,190,520,580]),
idle,[254,464,565,191,522,581]),
idle,[238,454,558,187,517,578]),
idle,[241,463,564,194,528,586]),
idle,[241,458,560,188,523,579]),
idle,[247,465,568,194,529,585]),
idle,[251,457,560,187,522,570]),
idle,[261,458,564,189,525,577]),
idle,[269,457,562,189,526,578]),
idle,[275,461,568,190,528,580]),
idle,[274,457,566,186,525,579]),
idle,[274,456,562,184,522,575]),
idle,[272,455,559,185,526,582]),
idle,[273,456,564,187,527,585]),
idle,[277,462,568,192,531,589]),
idle,[275,458,566,188,525,584]),
idle,[277,459,567,190,527,585]),
idle,[270,450,560,185,520,579]),
idle,[276,460,569,192,530,589]),
idle,[274,457,564,187,527,583]),
idle,[280,463,570,191,531,587]),
idle,[275,456,562,187,526,581]),
idle,[277,458,564,187,529,585]),
idle,[277,460,566,187,532,588]),
idle,[279,462,566,188,531,587]),
idle,[277,461,565,186,530,584]),
idle,[274,457,562,183,525,580]),
idle,[273,459,564,190,531,586]),
idle,[270,456,563,187,527,583]),
idle,[275,463,569,192,534,590]),
idle,[270,456,562,187,525,580]),
idle,[275,459,566,188,529,584]),
idle,[271,455,560,185,527,583]),
idle,[278,463,569,188,533,588]),
idle,[273,460,565,184,529,586]),
idle,[274,461,564,182,528,583]),
idle,[272,458,563,180,526,583]),
idle,[272,461,564,182,529,587]),
idle,[274,464,568,185,532,590]),
idle,[273,464,567,183,530,587]),
idle,[271,465,567,184,530,588]),
idle,[264,458,558,179,523,581]),
idle,[268,464,567,184,531,591]),
idle,[265,461,562,183,527,586]),
idle,[272,468,569,186,533,591]),
idle,[266,461,562,182,526,583]),
idle,[269,461,564,185,530,587]),
idle,[267,458,563,186,530,588]),
idle,[272,462,566,189,532,589]),
idle,[270,459,565,188,529,585]),
idle,[269,456,562,187,525,581]),
idle,[268,454,560,189,528,583]),
idle,[270,456,563,190,528,584]),
idle,[273,461,567,195,534,589]),
idle,[268,455,561,189,525,580]),
idle,[271,457,565,191,528,584]),
idle,[264,451,558,185,523,580]),
idle,[272,459,568,191,531,590]),
idle,[271,456,564,188,527,585]),
idle,[276,460,569,191,529,587]),
idle,[269,453,560,185,522,580]),
idle,[271,455,565,190,527,587]),
idle,[272,457,567,192,530,591]),
idle,[276,459,571,193,530,591]),
idle,[276,460,571,193,531,591]),
idle,[272,453,567,189,524,586]),
idle,[275,458,571,194,533,594]),
idle,[272,456,569,192,529,590]),
idle,[279,463,576,197,535,596]),
idle,[274,456,569,191,527,588]),
idle,[276,458,572,193,530,592]),
idle,[272,454,567,191,528,590]),
idle,[278,462,575,196,534,596]),
idle,[275,459,571,193,530,592]),
idle,[277,460,573,193,529,591]),
idle,[272,455,568,191,528,589]),
idle,[274,457,571,193,530,592]),
idle,[277,462,574,196,534,596]),
idle,[276,459,572,193,530,591]),
idle,[277,461,573,194,531,592]),
idle,[271,453,567,190,525,587]),
idle,[277,461,574,196,534,596]),
idle,[273,457,569,192,529,591]),
idle,[278,463,575,196,534,595]),
idle,[273,456,568,191,526,587]),
idle,[275,458,572,194,531,593]),
front,[372,536,629,202,598,633]),
front,[376,533,634,196,595,633]),
front,[384,541,646,203,604,643]),
front,[382,540,650,200,600,643]),
front,[381,542,654,205,602,646]),
front,[380,539,654,201,597,644]),
front,[388,541,663,203,600,651]),
front,[397,543,671,202,602,655]),
front,[397,544,674,204,604,656]),
front,[382,538,670,202,599,652]),
front,[379,528,665,199,590,644]),
front,[373,524,663,202,591,646]),
front,[370,520,662,200,588,643]),
front,[378,526,667,205,594,648]),
front,[377,523,665,199,590,642]),
front,[378,524,666,200,591,643]),
front,[375,519,661,197,588,641]),
front,[378,526,667,203,594,647]),
front,[380,524,666,201,592,645]),
front,[382,527,668,202,593,646]),
front,[379,524,665,199,591,644]),
front,[381,527,667,201,594,647]),
front,[384,531,669,204,598,649]),
front,[386,531,669,202,595,646]),
front,[389,532,668,204,596,646]),
front,[386,525,664,197,590,641]),
front,[389,530,667,204,597,648]),
front,[388,529,666,200,593,645]),
front,[391,532,669,205,596,648]),
front,[388,527,664,198,590,641]),
front,[389,527,666,200,592,644]),
front,[387,526,664,200,593,644]),
front,[390,530,668,203,595,647]),
front,[390,529,667,202,594,645]),
front,[391,528,667,199,591,643]),
front,[391,528,668,202,595,646]),
front,[390,528,667,200,593,645]),
front,[393,532,670,205,597,649]),
front,[390,528,667,199,592,643]),
front,[391,529,668,202,594,645]),
front,[388,525,665,200,591,643]),
front,[391,530,669,204,596,648]),
front,[388,526,665,200,591,643]),
front,[387,526,665,201,590,642]),
front,[383,521,662,198,588,640]),
front,[385,524,664,201,591,644]),
front,[386,526,666,203,593,646]),
front,[387,526,665,201,591,643]),
front,[387,525,665,201,590,643]),
front,[383,520,661,197,587,639]),
front,[387,525,665,203,593,646]),
front,[386,524,663,199,590,643]),
front,[388,528,667,204,593,646]),
front,[386,523,663,198,588,640]),
front,[388,525,665,201,592,644]),
front,[387,525,664,200,592,644]),
front,[391,529,667,202,594,645]),
front,[391,528,665,201,592,642]),
front,[391,527,664,198,590,641]),
front,[391,529,665,201,594,645]),
front,[393,530,666,202,593,645]),
front,[394,533,668,204,596,647]),
front,[391,528,664,199,590,640]),
front,[391,529,665,200,592,643]),
front,[388,526,662,198,590,641]),
front,[392,531,667,204,595,646]),
front,[390,527,664,200,591,642]),
front,[391,528,665,202,591,642]),
front,[387,525,662,199,590,641]),
front,[391,529,665,202,593,645]),
front,[392,531,665,202,594,645]),
front,[391,530,664,200,591,642]),
front,[391,529,664,201,591,641]),
front,[389,526,662,199,590,641]),
front,[391,531,667,205,596,647]),
front,[389,527,664,200,591,643]),
front,[390,529,666,203,592,644]),
front,[386,522,660,196,586,638]),
front,[388,526,664,202,592,644]),
front,[388,526,663,200,591,643]),
front,[390,529,666,203,593,645]),
front,[388,526,664,200,590,641]),
front,[388,525,663,199,589,641]),
front,[387,525,663,200,591,643]),
front,[385,524,662,200,588,642]),
front,[386,528,663,203,592,644]),
front,[385,523,663,199,586,640]),
front,[394,534,674,204,598,654]),
front,[389,533,674,202,597,655]),
front,[388,536,675,207,599,658]),
front,[381,530,668,201,592,651]),
front,[381,529,668,201,591,650]),
front,[377,524,664,199,590,648]),
front,[379,529,667,204,593,651]),
front,[379,528,666,203,593,651]),
front,[377,528,663,201,591,646]),
front,[377,529,661,201,592,647]),
front,[384,535,664,199,596,648]),
front,[387,542,669,204,602,653]),
front,[381,543,662,203,601,649]),
front,[379,548,661,204,606,652]),
front,[372,542,656,204,603,650]),
front,[367,545,652,213,608,654]),
front,[377,552,660,211,612,657]),
front,[404,574,680,214,627,667]),
front,[427,590,690,204,632,668]),
front,[435,590,700,205,635,676]),
front,[426,574,704,215,628,682]),
front,[410,568,693,224,626,676]),
front,[393,562,676,225,621,666]),
front,[397,564,673,216,618,660]),
front,[401,562,676,206,617,662]),
front,[382,541,658,201,599,646]),
front,[359,522,642,201,585,636]),
front,[340,503,626,194,568,621]),
front,[339,506,629,199,574,629]),
front,[337,510,629,200,577,632]),
front,[332,510,626,207,576,631]),
front,[323,501,617,203,569,623]),
front,[321,498,616,202,565,621]),
front,[325,503,621,205,572,628]),
front,[338,516,634,210,582,637]),
front,[358,535,651,220,599,651]),
front,[379,554,667,224,613,662]),
front,[417,590,695,236,642,683]),
front,[463,624,719,232,663,696]),
front,[479,621,735,215,659,701]),
front,[444,575,718,211,629,684]),
front,[409,554,695,205,614,672]),
front,[391,548,680,219,611,666]),
front,[412,576,695,235,634,683]),
front,[458,618,729,250,666,709]),
front,[495,640,749,250,679,718]),
front,[443,602,713,240,650,691]),
front,[392,561,677,231,620,667]),
front,[367,541,662,232,607,660]),
front,[351,530,648,226,596,650]),
front,[352,533,651,232,599,654]),
front,[348,529,646,227,595,650]),
front,[354,536,652,231,602,656]),
front,[361,537,654,224,600,653]),
front,[362,533,652,217,595,648]),
front,[348,514,637,200,579,632]),
front,[336,498,625,197,567,623]),
front,[331,492,619,198,564,620]),
front,[341,503,627,199,571,625]),
front,[342,508,632,201,576,631]),
front,[351,518,639,197,581,635]),
front,[373,537,657,203,599,651]),
front,[383,543,661,201,601,651]),
front,[387,540,665,204,599,652]),
front,[378,525,663,202,588,647]),
front,[377,529,669,206,594,656]),
front,[375,539,665,218,603,659]),
front,[382,556,666,224,614,661]),
front,[389,559,666,215,613,657]),
front,[389,544,668,205,601,652]),
front,[376,525,661,203,589,647]),
front,[374,526,663,201,592,651]),
front,[372,536,662,213,600,655]),
front,[367,538,652,209,598,646]),
front,[374,540,653,202,597,645]),
front,[368,520,650,197,584,639]),
front,[364,521,655,206,588,647]),
front,[362,529,652,209,593,647]),
front,[369,544,652,213,602,648]),
front,[376,540,655,199,597,645]),
front,[377,527,661,203,593,648]),
front,[374,526,662,207,595,650]),
front,[377,539,661,204,602,651]),
front,[375,540,654,203,601,646]),
front,[368,529,647,201,591,638]),
front,[369,529,649,203,594,642]),
front,[369,530,651,204,594,642]),
front,[370,534,652,209,598,645]),
front,[369,529,652,201,591,641]),
front,[368,523,655,205,588,645]),
front,[361,516,650,203,584,641]),
front,[370,527,657,209,594,648]),
front,[375,531,660,207,595,648]),
front,[379,536,663,204,597,650]),
front,[378,530,659,203,593,646]),
front,[379,525,660,201,589,644]),
front,[378,523,660,201,588,644]),
front,[382,530,663,203,592,646]),
front,[380,537,662,203,598,649]),
front,[377,533,658,203,594,646]),
front,[385,532,669,207,597,653]),
front,[384,531,673,201,597,656]),
front,[382,543,669,214,604,657]),
front,[374,534,652,199,592,640]),
front,[372,521,653,202,586,640]),
front,[366,512,656,200,582,643]),
front,[373,528,665,204,594,654]),
front,[373,537,657,207,597,647]),
front,[371,532,649,202,591,640]),
front,[370,520,650,201,586,639]),
front,[371,519,658,202,586,645]),
front,[373,528,662,204,594,651]),
front,[370,528,655,199,590,642]),
front,[368,523,650,201,587,640]),
front,[352,506,638,198,575,630]),
front,[349,506,636,203,575,630]),
front,[348,512,629,196,575,626]),
front,[347,521,630,199,582,629]),
front,[344,518,632,205,583,634]),
front,[346,515,642,213,584,643]),
front,[336,497,637,205,571,637]),
front,[336,489,636,200,563,630]),
front,[340,493,629,196,565,622]),
front,[343,497,623,196,568,619]),
front,[342,509,621,198,576,623]),
front,[337,516,616,197,577,622]),
front,[335,517,625,208,580,629]),
front,[325,504,620,206,571,626]),
front,[327,504,627,213,575,634]),
front,[328,500,627,209,571,632]),
front,[335,503,634,207,573,635]),
front,[326,483,625,199,555,623]),
front,[307,467,617,198,543,620]),
front,[293,463,607,195,539,616]),
front,[307,474,618,205,549,625]),
front,[319,489,623,208,562,628]),
front,[327,500,625,206,568,627]),
front,[335,510,629,207,577,633]),
front,[336,514,626,203,578,629]),
front,[337,518,626,207,581,632]),
front,[336,513,626,204,576,628]),
front,[342,513,634,203,578,633]),
front,[337,499,630,200,569,629]),
front,[323,478,627,200,552,626]),
front,[299,465,612,197,539,616]),
front,[319,481,623,198,554,625]),
front,[328,497,626,201,567,628]),
front,[345,511,638,200,578,636]),
front,[347,510,635,201,577,633]),
front,[337,496,625,198,564,621]),
front,[339,498,628,199,566,623]),
front,[346,502,636,196,570,629]),
front,[355,516,647,202,584,642]),
front,[353,518,645,206,583,641]),
front,[352,519,645,210,584,642]),
front,[342,507,633,196,572,629]),
front,[344,511,636,200,578,634]),
front,[345,513,636,205,580,636]),
front,[347,516,639,203,581,637]),
front,[342,509,634,199,575,632]),
front,[341,508,634,202,574,631]),
front,[334,504,628,205,573,632]),
front,[329,501,623,199,569,627]),
front,[326,499,620,201,568,625]),
front,[321,493,615,197,561,618]),
front,[331,500,624,200,568,626]),
front,[347,510,638,198,576,635]),
front,[376,533,663,205,596,653]),
front,[396,545,678,204,604,660]),
front,[420,561,698,209,616,672]),
front,[451,576,720,213,629,686]),
front,[485,596,744,214,644,701]),
front,[510,611,757,211,653,707]),
front,[535,619,770,213,659,713]),
front,[553,623,780,214,663,718]),
front,[568,625,789,214,667,725]),
front,[591,620,809,221,674,742]),
front,[619,590,828,222,673,751]),
front,[661,586,843,223,671,758]),
front,[683,549,850,211,664,758]),
front,[703,549,862,214,657,765]),
front,[740,543,876,210,629,768]),
front,[767,525,882,209,611,765]),
front,[767,527,873,205,609,754]),
front,[684,583,841,212,666,749]),
front,[591,622,790,216,665,721]),
front,[518,596,743,210,642,694]),
front,[476,575,718,209,628,681]),
front,[439,554,695,202,610,664]),
front,[402,534,669,204,597,652]),
front,[366,513,641,198,580,634]),
front,[357,511,635,203,579,634]),
front,[356,508,633,199,575,629]),
front,[372,520,646,202,584,637]),
front,[389,529,657,200,592,645]),
front,[417,550,682,209,610,664]),
front,[445,570,704,207,626,681]),
front,[480,590,732,209,642,700]),
front,[525,603,768,214,658,726]),
front,[538,616,782,248,674,743]),
front,[535,656,766,267,699,740]),
front,[575,702,752,220,715,727]),
front,[624,682,766,203,685,705]),
front,[595,537,785,200,606,694]),
front,[545,498,802,211,586,725]),
front,[542,581,796,218,661,748]),
front,[539,663,761,256,698,731]),
front,[538,676,714,212,690,697]),
front,[560,636,735,201,656,681]),
front,[547,545,762,202,610,690]),
front,[524,497,784,214,613,725]),
front,[521,612,777,259,672,740]),
front,[537,667,753,246,696,722]),
front,[557,676,713,201,682,685]),
front,[563,602,723,194,633,662]),
front,[542,500,756,203,576,675]),
front,[535,487,794,206,589,723]),
front,[540,615,786,243,673,741]),
front,[535,665,747,235,692,716]),
front,[546,668,710,200,677,683]),
front,[562,603,728,199,635,667]),
front,[543,501,762,203,577,681]),
front,[532,486,790,206,598,725]),
front,[542,620,785,243,675,742]),
front,[548,679,753,241,703,724]),
front,[565,680,717,200,683,686]),
front,[574,587,725,199,624,659]),
front,[533,471,747,200,547,653]),
front,[557,485,807,207,573,721]),
front,[576,626,803,220,681,750]),
front,[558,684,755,227,703,723]),
front,[551,677,697,202,678,672]),
front,[561,595,706,194,626,649]),
front,[550,491,749,200,568,664]),
front,[553,488,803,208,580,723]),
front,[571,620,802,224,679,750]),
front,[558,683,750,214,700,716]),
front,[548,675,683,202,676,663]),
front,[560,589,697,193,623,645]),
front,[542,486,745,205,563,659]),
front,[540,486,806,207,569,720]),
front,[555,599,800,221,670,750]),
front,[538,666,751,240,695,721]),
front,[537,667,712,203,680,688]),
front,[547,613,728,202,643,674]),
front,[548,548,754,203,610,682]),
front,[565,553,793,212,632,726]),
front,[558,644,784,226,685,740]),
front,[543,673,745,220,694,714]),
front,[554,653,728,197,666,684]),
front,[550,545,735,200,602,664]),
front,[517,473,762,198,555,676]),
front,[543,520,789,210,620,726]),
front,[546,636,773,214,677,729]),
front,[549,661,748,216,682,707]),
front,[563,634,740,201,654,683]),
front,[560,559,753,200,612,678]),
front,[560,519,782,204,602,706]),
front,[569,619,791,224,668,734]),
front,[561,663,763,221,688,720]),
front,[563,653,744,201,669,693]),
front,[561,592,742,203,630,675]),
front,[552,511,760,199,581,681]),
front,[568,543,792,215,620,722]),
front,[573,647,779,218,677,726]),
front,[552,653,741,202,669,695]),
front,[507,582,705,196,621,657]),
front,[461,505,697,199,574,648]),
front,[450,505,713,203,580,669]),
front,[446,561,710,209,620,681]),
front,[428,573,685,209,623,667]),
front,[418,560,669,199,610,652]),
front,[413,540,672,203,600,653]),
front,[394,525,669,206,591,653]),
front,[387,534,667,216,598,657]),
front,[376,534,653,211,594,646]),
front,[369,531,644,208,591,642]),
front,[360,517,636,199,582,634]),
front,[357,514,638,203,581,637]),
front,[348,508,630,200,575,631]),
front,[347,511,628,201,575,629]),
front,[343,508,623,198,574,627]),
front,[345,509,624,200,575,627]),
front,[345,508,624,201,574,627]),
front,[344,504,623,198,569,622]),
front,[344,503,623,198,570,624]),
back,[283,513,615,283,586,653]),
back,[287,518,620,288,590,656]),
back,[283,514,615,285,585,651]),
back,[284,514,617,284,588,654]),
back,[283,515,619,282,589,654]),
back,[286,514,620,277,586,652]),
back,[285,514,617,279,584,651]),
back,[281,512,612,280,583,647]),
back,[285,519,620,286,594,656]),
back,[283,514,618,274,588,651]),
back,[288,512,619,267,584,649]),
back,[283,504,609,260,574,638]),
back,[285,508,611,264,580,641]),
back,[280,507,610,262,581,642]),
back,[286,510,618,265,583,648]),
back,[285,508,614,266,579,645]),
back,[286,512,613,270,581,643]),
back,[283,512,613,266,585,643]),
back,[285,513,617,265,587,647]),
back,[288,519,623,276,594,655]),
back,[284,520,622,285,594,656]),
back,[288,528,628,289,602,660]),
back,[293,526,627,284,603,661]),
back,[310,533,636,294,612,670]),
back,[307,529,634,290,606,668]),
back,[311,523,630,278,598,660]),
back,[296,511,619,260,584,646]),
back,[284,506,617,253,581,643]),
back,[284,509,619,252,584,646]),
back,[290,519,626,257,593,651]),
back,[298,534,639,273,608,664]),
back,[296,541,645,284,616,671]),
back,[299,544,647,288,622,675]),
back,[294,534,636,276,611,664]),
back,[296,530,634,269,605,659]),
back,[293,527,630,266,601,655]),
back,[296,536,639,276,610,665]),
back,[293,542,649,291,621,679]),
back,[293,547,653,302,628,685]),
back,[285,538,640,290,617,671]),
back,[291,527,626,271,602,653]),
back,[299,524,624,263,598,651]),
back,[290,523,628,265,599,656]),
back,[289,527,635,279,605,665]),
back,[285,518,619,269,595,648]),
back,[291,512,596,242,585,617]),
back,[287,507,594,232,578,616]),
back,[316,516,622,246,589,644]),
back,[304,516,632,256,591,657]),
back,[316,520,638,276,595,666]),
back,[286,518,626,287,594,660]),
back,[282,511,613,280,586,647]),
back,[284,521,623,293,598,660]),
back,[290,526,635,303,603,674]),
back,[290,521,640,292,596,674]),
back,[293,510,628,282,582,662]),
back,[285,516,625,292,588,662]),
back,[281,520,614,290,590,650]),
back,[286,518,609,268,586,635]),
back,[282,512,601,259,579,624]),
back,[282,516,605,278,579,636]),
back,[278,510,610,306,579,651]),
back,[281,493,613,295,566,655]),
back,[287,483,613,266,555,652]),
back,[282,486,610,278,557,649]),
back,[283,508,614,298,577,651]),
back,[278,509,600,269,577,628]),
back,[287,514,594,237,584,613]),
back,[302,526,608,259,598,629]),
back,[298,536,641,289,609,669]),
back,[297,528,646,302,605,683]),
back,[288,527,640,328,607,686]),
back,[281,517,610,306,593,651]),
back,[283,513,590,264,588,614]),
back,[299,525,594,253,599,616]),
back,[295,528,618,264,601,643]),
back,[289,534,640,280,610,669]),
back,[318,527,642,290,605,675]),
back,[298,527,638,293,604,672]),
back,[288,519,620,279,594,652]),
back,[287,513,597,252,589,621]),
back,[283,511,594,243,587,619]),
back,[295,521,622,256,595,646]),
back,[297,522,631,265,597,657]),
back,[310,523,635,277,598,663]),
back,[308,529,631,293,609,666]),
back,[283,526,599,276,607,627]),
back,[286,536,601,272,615,626]),
back,[285,541,621,284,619,647]),
back,[290,553,650,302,631,679]),
back,[311,557,660,325,640,696]),
back,[341,574,672,361,660,713]),
back,[326,590,676,397,681,722]),
back,[325,611,687,427,704,731]),
back,[316,632,692,459,731,733]),
back,[320,655,704,496,755,742]),
back,[311,676,722,523,774,752]),
back,[305,691,732,545,787,758]),
back,[323,689,758,542,779,787]),
back,[353,672,771,532,760,810]),
back,[418,674,779,587,771,832]),
back,[307,668,757,646,783,827]),
back,[298,682,665,633,809,706]),
back,[303,701,610,528,825,633]),
back,[355,712,644,543,820,663]),
back,[382,691,743,584,792,780]),
back,[321,653,759,616,765,832]),
back,[290,623,708,654,756,800]),
back,[282,636,633,632,771,686]),
back,[290,679,612,558,808,643]),
back,[306,695,680,576,804,708]),
back,[357,668,767,582,767,824]),
back,[348,624,758,601,730,840]),
back,[293,608,702,660,743,801]),
back,[280,644,618,630,782,667]),
back,[300,686,615,527,809,642]),
back,[353,703,650,538,809,673]),
back,[360,695,730,581,796,762]),
back,[302,668,753,629,781,820]),
back,[291,656,692,659,789,763]),
back,[293,681,632,615,812,672]),
back,[325,705,640,569,819,666]),
back,[322,705,725,566,802,746]),
back,[430,678,777,583,774,828]),
back,[334,643,770,632,752,848]),
back,[288,623,716,666,758,813]),
back,[289,649,633,634,785,684]),
back,[294,675,629,580,801,668]),
back,[308,681,720,585,790,768]),
back,[307,652,769,586,753,834]),
back,[337,600,765,583,693,848]),
back,[322,610,738,619,726,828]),
back,[284,644,653,602,770,704]),
back,[286,648,598,459,773,625]),
back,[286,654,605,536,781,638]),
back,[296,646,714,624,767,793]),
back,[346,600,752,582,699,839]),
back,[343,585,746,574,684,833]),
back,[289,629,709,604,751,788]),
back,[292,648,615,467,765,641]),
back,[286,647,599,332,753,620]),
back,[381,651,660,419,741,679]),
back,[303,628,721,427,713,757]),
back,[379,608,728,441,697,775]),
back,[297,609,710,506,712,776]),
back,[285,604,646,468,708,695]),
back,[297,604,610,376,703,634]),
back,[341,614,621,371,708,645]),
back,[297,620,700,420,711,742]),
back,[353,592,721,432,682,774]),
back,[314,556,702,436,642,768]),
back,[286,550,662,450,649,732]),
back,[279,554,607,400,646,651]),
back,[285,574,594,331,669,622]),
back,[339,600,614,331,687,636]),
back,[326,606,680,361,686,704]),
back,[302,592,706,384,674,743]),
back,[335,576,707,413,667,760]),
back,[303,560,677,421,656,741]),
back,[291,563,658,396,653,712]),
back,[286,565,648,351,650,687]),
back,[296,562,641,305,640,665]),
back,[329,557,648,291,631,671]),
back,[317,553,659,295,628,682]),
back,[327,554,670,308,631,697]),
back,[297,551,666,320,632,699]),
back,[298,558,656,330,642,692]),
back,[286,554,625,305,636,654]),
back,[312,555,638,295,633,665]),
back,[306,552,652,298,629,680]),
back,[294,548,656,307,627,686]),
back,[304,537,636,311,621,674]),
back,[283,524,599,280,606,629]),
back,[286,521,589,251,602,613]),
back,[288,536,621,284,614,651]),
back,[310,540,645,306,621,679]),
back,[293,526,630,301,609,669]),
back,[285,518,616,285,599,652]),
back,[282,513,597,262,591,625]),
back,[288,525,618,270,600,644]),
back,[283,523,629,274,599,658]),
back,[316,520,633,282,599,666]),
back,[288,515,622,278,594,656]),
back,[286,509,603,260,584,631]),
back,[284,509,597,250,583,622]),
back,[283,514,617,263,589,645]),
back,[308,516,626,273,593,658]),
back,[282,510,615,271,586,648]),
back,[286,507,595,252,581,621]),
back,[285,503,587,234,577,608]),
back,[284,512,609,254,587,635]),
back,[288,510,621,259,586,649]),
back,[303,513,628,262,588,655]),
back,[288,518,630,266,594,656]),
back,[300,521,618,257,593,639]),
back,[291,503,584,220,577,605]),
back,[292,504,584,218,578,606]),
back,[306,526,621,259,600,647]),
back,[299,522,637,270,598,664]),
back,[295,520,640,271,596,666]),
back,[307,525,641,273,602,668]),
back,[315,541,636,276,616,660]),
back,[303,537,602,262,613,623]),
back,[289,542,629,307,622,665]),
back,[282,531,643,314,612,684]),
back,[331,529,655,303,610,691]),
back,[324,533,659,289,611,687]),
back,[306,547,658,292,622,682]),
back,[319,555,643,288,629,665]),
back,[304,547,610,286,626,633]),
back,[296,550,639,330,636,682]),
back,[302,546,659,342,632,704]),
back,[346,555,676,337,638,714]),
back,[318,562,675,326,643,706]),
back,[326,569,661,315,648,687]),
back,[313,561,612,288,641,634]),
back,[317,557,602,292,639,627]),
back,[286,558,623,346,646,665]),
back,[287,566,663,393,658,719]),
back,[333,579,690,401,672,742]),
back,[294,592,687,376,680,726]),
back,[340,586,675,341,666,704]),
back,[318,564,677,323,642,704]),
back,[323,543,677,309,621,707]),
back,[328,512,661,307,589,700]),
back,[297,501,642,314,583,688]),
back,[282,509,616,311,590,660]),
back,[286,514,590,274,592,616]),
back,[284,525,584,251,606,607]),
back,[322,552,609,289,632,635]),
back,[310,560,657,309,639,688]),
back,[319,544,668,304,622,697]),
back,[339,538,667,316,619,702]),
back,[287,544,657,344,629,701]),
back,[290,552,620,327,639,656]),
back,[308,549,590,253,630,613]),
back,[310,562,619,280,636,639]),
back,[326,556,656,296,631,679]),
back,[330,548,668,305,627,696]),
back,[336,546,665,333,632,706]),
back,[297,553,649,347,640,694]),
back,[286,551,617,325,637,650]),
back,[311,556,642,339,641,683]),
back,[339,548,665,331,633,704]),
back,[298,543,668,311,625,701]),
back,[325,559,670,313,638,697]),
back,[326,559,633,287,633,649]),
back,[312,555,601,261,631,619]),
back,[286,557,618,325,644,652]),
back,[335,571,670,370,661,716]),
back,[360,583,694,385,672,740]),
back,[300,605,702,400,692,740]),
back,[308,615,656,380,704,681]),
back,[334,613,615,377,711,643]),
back,[289,611,665,463,715,724]),
back,[296,598,713,460,698,775]),
back,[372,602,728,429,691,773]),
back,[321,609,712,391,691,743]),
back,[338,615,682,372,697,706]),
back,[308,609,670,389,700,709]),
back,[348,598,696,418,691,746]),
back,[362,577,702,380,663,744]),
back,[335,569,691,342,649,721]),
back,[313,565,667,316,644,694]),
back,[305,563,645,304,641,671]),
back,[289,556,644,324,639,680]),
back,[306,540,648,320,621,685]),
back,[320,529,644,300,609,678]),
back,[292,521,631,274,598,660]),
back,[290,516,620,257,589,645]),
back,[282,502,602,240,574,625]),
back,[296,504,610,246,576,634]),
back,[294,498,610,245,573,637]),
back,[288,504,617,246,578,641]),
back,[286,502,611,240,574,634]),
back,[289,497,605,233,567,625]),
back,[282,490,596,228,561,618]),
back,[286,490,600,231,563,625]),
back,[289,494,607,234,568,631]),
back,[284,491,603,229,563,625]),
back,[288,491,601,226,563,622]),
back,[281,481,588,216,552,609]),
back,[287,487,598,222,560,620]),
back,[291,488,602,226,561,625]),
back,[290,497,610,235,569,632]),
back,[286,494,603,228,564,623]),
back,[290,494,604,227,564,625]),
back,[291,499,612,236,573,635]),
back,[289,510,620,250,583,644]),
back,[296,515,618,247,587,640]),
back,[295,511,619,243,581,639]),
back,[302,517,630,258,592,655]),
back,[285,526,634,280,604,665]),
back,[300,538,632,281,615,659]),
back,[323,537,633,267,609,655]),
back,[306,538,646,276,611,668]),
back,[294,542,652,298,622,684]),
back,[288,555,647,316,637,681]),
back,[308,559,610,284,637,633]),
back,[311,568,629,292,641,648]),
back,[318,572,674,322,649,700]),
back,[315,566,685,341,650,720]),
back,[345,575,680,372,665,723]),
back,[292,582,639,360,673,674]),
back,[313,598,642,347,682,668]),
back,[316,603,693,375,687,725]),
back,[325,592,721,405,680,762]),
back,[316,578,707,432,675,765]),
back,[294,588,678,450,688,739]),
back,[295,607,644,425,707,685]),
back,[320,628,668,405,719,698]),
back,[322,629,718,420,714,752]),
back,[340,611,736,439,699,778]),
back,[329,608,723,472,707,781]),
back,[289,615,674,489,724,733]),
back,[314,637,647,461,744,686]),
back,[298,647,711,478,745,756]),
back,[396,618,738,472,713,789]),
back,[295,581,703,455,682,766]),
back,[289,552,650,385,645,704]),
back,[282,531,629,313,614,670]),
back,[296,521,625,275,597,655]),
back,[285,509,614,251,581,639]),
back,[287,496,601,232,566,620]),
back,[284,488,592,223,560,613]),
back,[282,482,587,216,555,607]),
back,[292,492,602,226,564,623]),
back,[300,493,607,230,565,628]),
back,[303,493,613,231,564,632]),
back,[285,487,608,231,562,631]),
back,[301,498,613,242,573,638]),
back,[289,494,600,233,566,624]),
back,[287,480,583,208,550,601]),
back,[284,478,578,206,548,598]),
back,[286,497,598,232,570,622]),
back,[287,509,621,252,584,646]),
back,[298,512,625,263,587,652]),
back,[290,522,627,273,597,655]),
back,[285,524,618,267,600,646]),
back,[306,543,644,287,621,673]),
back,[295,548,655,311,629,689]),
back,[315,561,654,338,645,692]),
back,[289,575,631,335,662,661]),
back,[334,598,679,363,682,713]),
back,[322,588,707,385,674,746]),
back,[350,588,702,392,676,745]),
back,[304,615,666,405,709,702]),
back,[317,627,672,408,717,704]),
back,[332,610,728,423,698,767]),
back,[380,591,724,431,686,776]),
back,[320,611,697,464,713,755]),
back,[322,629,626,431,734,658]),
back,[307,649,686,459,745,723]),
back,[396,619,740,472,713,791]),
back,[318,588,718,448,685,776]),
back,[288,606,697,480,709,761]),
back,[304,643,687,516,752,744]),
back,[362,627,720,483,728,777]),
back,[293,577,685,410,670,737]),
back,[289,537,645,330,619,687]),
left,[313,465,636,230,531,646]),
left,[308,458,632,226,526,644]),
left,[314,466,638,232,535,650]),
left,[312,464,634,230,533,647]),
left,[315,469,636,231,540,646]),
left,[309,461,627,224,530,638]),
left,[307,463,622,224,533,638]),
left,[303,464,619,223,535,635]),
left,[309,467,623,224,543,636]),
left,[307,465,619,220,543,631]),
left,[305,462,616,217,542,628]),
left,[309,467,621,222,550,634]),
left,[308,468,618,220,549,630]),
left,[310,472,618,221,553,630]),
left,[304,464,611,214,543,621]),
left,[306,467,615,218,548,628]),
left,[305,465,615,218,546,629]),
left,[312,473,623,224,554,636]),
left,[309,468,619,221,556,631]),
left,[312,471,624,226,559,637]),
left,[306,473,623,228,551,639]),
left,[307,474,628,232,543,642]),
left,[309,470,627,229,543,640]),
left,[312,466,625,222,553,633]),
left,[313,467,625,222,560,636]),
left,[312,468,624,224,562,637]),
left,[313,477,629,232,554,643]),
left,[303,474,626,230,533,639]),
left,[304,471,630,232,533,643]),
left,[301,462,633,233,529,648]),
left,[308,468,650,244,536,663]),
left,[309,470,658,249,533,670]),
left,[314,472,673,258,534,684]),
left,[313,469,684,266,531,697]),
left,[319,474,699,277,533,713]),
left,[322,477,713,288,535,728]),
left,[331,474,731,298,531,745]),
left,[341,475,749,308,532,762]),
left,[345,468,763,313,529,774]),
left,[347,480,761,311,572,767]),
left,[345,486,757,304,588,758]),
left,[343,495,747,303,597,751]),
left,[330,483,730,293,588,739]),
left,[337,483,746,308,552,760]),
left,[360,484,773,326,532,788]),
left,[393,511,806,354,536,826]),
left,[414,516,833,373,532,851]),
left,[439,524,856,379,537,865]),
left,[458,509,868,370,566,869]),
left,[469,529,879,366,574,879]),
left,[451,571,870,398,594,891]),
left,[467,592,864,392,611,874]),
left,[471,560,861,354,591,847]),
left,[443,493,867,324,572,841]),
left,[444,504,866,358,557,862]),
left,[355,515,830,394,533,872]),
left,[352,523,786,409,533,860]),
left,[394,537,801,395,605,841]),
left,[436,572,821,372,640,831]),
left,[421,492,845,333,573,828]),
left,[394,478,845,311,536,824]),
left,[373,497,822,350,533,838]),
left,[347,513,768,392,534,841]),
left,[348,520,750,403,541,834]),
left,[401,514,800,367,585,824]),
left,[383,487,823,310,560,797]),
left,[411,487,822,270,603,776]),
left,[379,481,819,322,548,803]),
left,[376,513,786,357,533,817]),
left,[360,519,768,368,536,816]),
left,[385,493,797,342,568,808]),
left,[400,490,818,295,585,786]),
left,[439,489,815,254,636,752]),
left,[388,484,817,305,569,791]),
left,[389,526,783,360,588,811]),
left,[356,550,732,372,590,794]),
left,[368,566,738,346,596,770]),
left,[386,571,755,309,658,751]),
left,[443,497,775,276,656,740]),
left,[445,494,793,238,594,719]),
left,[409,461,791,241,618,735]),
left,[341,458,770,285,535,759]),
left,[340,475,757,314,536,771]),
left,[343,538,745,322,625,762]),
left,[354,556,734,311,629,744]),
left,[414,566,742,296,654,736]),
left,[440,504,759,258,646,718]),
left,[437,506,762,224,612,683]),
left,[414,475,761,223,611,694]),
left,[372,473,759,276,550,743]),
left,[328,486,722,302,531,750]),
left,[317,487,682,319,539,744]),
left,[333,526,709,310,578,738]),
left,[368,542,719,290,616,723]),
left,[390,519,712,265,624,703]),
left,[395,485,716,253,620,698]),
left,[392,499,723,255,611,703]),
left,[381,486,724,265,584,713]),
left,[359,479,708,266,568,708]),
left,[353,488,689,264,565,694]),
left,[348,510,671,257,576,678]),
left,[339,505,652,240,586,658]),
left,[334,496,640,230,580,645]),
left,[326,473,631,221,573,637]),
left,[330,475,634,225,578,641]),
left,[325,474,629,220,572,634]),
left,[331,471,638,226,577,641]),
left,[329,461,640,226,573,644]),
left,[335,466,650,236,564,657]),
left,[332,477,652,240,556,661]),
left,[323,492,649,243,565,659]),
left,[316,487,642,241,566,655]),
left,[323,472,642,236,566,653]),
left,[326,473,641,234,556,651]),
left,[323,471,636,231,551,646]),
left,[320,474,632,233,556,645]),
left,[313,470,625,226,545,638]),
left,[317,482,629,231,544,644]),
left,[312,487,621,228,555,637]),
left,[315,493,623,230,570,638]),
left,[314,488,619,224,567,632]),
left,[316,485,620,222,567,631]),
left,[318,469,623,221,570,635]),
left,[322,468,628,224,573,638]),
left,[314,468,624,226,553,638]),
left,[310,482,619,226,538,634]),
left,[311,484,620,227,550,637]),
left,[319,465,629,226,569,640]),
left,[326,476,639,232,577,648]),
left,[314,467,631,229,545,644]),
left,[291,471,607,229,547,638]),
left,[279,463,587,223,551,624]),
left,[293,482,610,231,568,637]),
left,[309,487,618,227,561,635]),
left,[317,488,624,227,562,637]),
left,[315,476,624,226,562,639]),
left,[316,490,627,231,570,643]),
left,[318,495,629,234,578,647]),
left,[319,494,631,234,576,647]),
left,[323,496,636,236,579,651]),
left,[317,491,630,232,576,646]),
left,[319,495,630,234,579,647]),
left,[314,489,620,226,570,636]),
left,[313,490,618,224,568,632]),
left,[306,480,608,216,559,623]),
left,[309,484,612,219,564,628]),
left,[308,484,611,218,563,627]),
left,[311,488,613,220,564,628]),
left,[310,485,613,218,562,625]),
left,[311,484,615,219,563,628]),
left,[311,486,616,222,568,633]),
left,[317,487,623,225,570,637]),
left,[321,490,630,230,575,643]),
left,[318,480,627,223,569,636]),
left,[322,474,629,226,575,640]),
left,[324,469,631,225,575,641]),
left,[336,477,644,233,585,651]),
left,[337,473,647,231,583,651]),
left,[340,475,649,232,585,654]),
left,[341,472,653,234,588,658]),
left,[353,504,665,239,596,666]),
left,[350,502,662,237,592,662]),
left,[335,479,651,237,585,658]),
left,[321,495,640,240,582,657]),
left,[334,505,652,245,591,666]),
left,[349,480,669,247,598,674]),
left,[328,459,651,236,579,659]),
left,[305,472,629,234,543,650]),
left,[317,490,638,237,575,655]),
left,[332,490,651,242,588,663]),
left,[315,461,632,229,557,645]),
left,[293,463,604,220,542,628]),
left,[285,456,592,211,530,618]),
left,[300,457,606,214,549,623]),
left,[299,459,603,212,550,620]),
left,[298,461,600,211,545,616]),
left,[299,459,601,210,551,616]),
left,[300,458,602,209,553,616]),
left,[300,466,605,212,556,621]),
left,[289,459,593,206,535,612]),
left,[291,460,596,212,539,617]),
left,[299,456,603,210,550,618]),
left,[307,460,613,217,562,628]),
left,[301,458,609,216,549,625]),
left,[299,478,607,218,550,625]),
left,[305,482,610,219,560,626]),
left,[314,487,620,221,567,633]),
left,[314,486,623,223,569,637]),
left,[312,488,623,228,567,640]),
left,[313,492,623,231,572,641]),
left,[321,495,629,228,573,640]),
left,[324,495,635,231,578,647]),
left,[315,489,630,231,572,646]),
left,[315,496,630,238,578,649]),
left,[323,498,634,235,579,649]),
left,[335,501,646,235,584,654]),
left,[330,491,646,235,582,656]),
left,[325,499,644,242,583,660]),
left,[330,503,647,244,587,662]),
left,[339,507,655,243,590,664]),
left,[335,491,656,240,587,666]),
left,[332,496,657,249,578,672]),
left,[340,509,666,255,594,680]),
left,[354,489,683,260,602,691]),
left,[341,475,687,265,567,700]),
left,[300,490,674,271,580,705]),
left,[335,499,708,287,575,725]),
left,[378,486,732,278,608,730]),
left,[365,485,739,283,552,739]),
left,[315,467,740,297,548,759]),
left,[326,493,770,325,571,786]),
left,[349,486,793,326,576,796]),
left,[319,466,790,326,540,805]),
left,[301,468,761,335,522,822]),
left,[331,462,827,333,538,831]),
left,[365,458,845,297,629,817]),
left,[313,457,827,289,556,816]),
left,[290,463,796,317,538,843]),
left,[299,460,839,325,548,867]),
left,[303,457,860,290,589,852]),
left,[275,452,757,288,538,834]),
left,[278,462,675,323,530,860]),
left,[281,463,782,338,534,894]),
left,[290,464,859,323,564,887]),
left,[282,457,822,304,563,872]),
left,[285,460,803,319,550,875]),
left,[306,459,871,298,545,867]),
left,[288,461,855,301,594,888]),
left,[303,462,888,306,634,892]),
left,[366,460,893,313,662,867]),
left,[347,468,868,337,607,865]),
left,[355,472,845,373,567,868]),
left,[382,489,851,383,587,866]),
left,[372,481,859,379,570,873]),
left,[349,472,854,356,588,862]),
left,[334,465,838,350,560,852]),
left,[339,471,844,361,568,862]),
left,[322,464,852,351,608,871]),
left,[322,472,846,353,589,857]),
left,[319,474,846,337,608,846]),
left,[327,473,850,319,623,837]),
left,[314,464,825,310,585,820]),
left,[294,459,743,330,526,820]),
left,[308,472,778,349,562,829]),
left,[342,484,821,326,581,816]),
left,[306,466,797,322,550,817]),
left,[288,457,736,339,520,836]),
left,[327,483,833,349,591,840]),
left,[351,476,839,312,620,823]),
left,[297,463,776,316,533,818]),
left,[294,462,735,344,524,828]),
left,[313,476,801,353,563,833]),
left,[316,469,819,325,585,823]),
left,[299,462,769,342,537,833]),
left,[317,495,807,362,564,840]),
left,[341,494,831,338,605,827]),
left,[297,461,792,324,556,823]),
left,[300,463,782,338,536,830]),
left,[333,485,831,335,575,828]),
left,[351,475,820,306,599,806]),
left,[320,464,772,290,548,772]),
left,[307,458,727,275,524,739]),
left,[311,467,709,275,545,726]),
left,[324,475,705,273,561,718]),
left,[355,484,722,285,584,730]),
left,[374,478,745,301,637,752]),
left,[398,485,771,314,655,771]),
left,[384,492,772,305,591,769]),
left,[335,484,760,311,580,773]),
left,[335,493,764,322,629,779]),
left,[373,491,779,313,623,780]),
left,[350,485,766,311,596,774]),
left,[317,491,754,323,614,780]),
left,[389,494,786,330,667,788]),
left,[442,508,803,307,618,783]),
left,[374,492,793,320,600,792]),
left,[304,529,740,355,611,798]),
left,[346,574,762,357,681,790]),
left,[431,575,788,336,678,786]),
left,[372,499,786,331,658,791]),
left,[303,523,738,347,595,793]),
left,[340,562,770,349,668,792]),
left,[432,503,792,327,672,785]),
left,[363,490,790,324,619,792]),
left,[302,502,735,344,597,800]),
left,[324,545,772,348,648,797]),
left,[431,487,788,321,667,779]),
left,[402,487,780,298,588,768]),
left,[310,474,748,314,565,778]),
left,[304,518,726,349,609,794]),
left,[410,562,786,338,676,787]),
left,[444,491,791,302,654,769]),
left,[398,488,780,296,598,768]),
left,[295,470,728,318,573,782]),
left,[307,530,737,345,597,790]),
left,[402,510,778,326,664,779]),
left,[411,495,780,301,593,767]),
left,[319,467,749,292,538,761]),
left,[289,467,695,312,580,772]),
left,[315,526,751,336,605,784]),
left,[409,484,777,314,657,772]),
left,[399,490,771,295,592,759]),
left,[314,464,737,288,542,753]),
left,[292,487,696,318,600,768]),
left,[326,546,748,332,638,774]),
left,[439,526,773,307,664,759]),
left,[446,492,782,276,592,748]),
left,[400,481,769,272,592,745]),
left,[294,461,699,289,535,747]),
left,[288,475,623,311,539,742]),
left,[298,502,648,337,592,758]),
left,[359,558,725,321,655,748]),
left,[405,561,721,285,645,718]),
left,[398,500,705,256,625,691]),
left,[398,530,707,246,618,687]),
left,[385,481,710,248,577,692]),
left,[351,479,704,271,569,712]),
left,[283,478,622,277,552,699]),
left,[288,488,617,285,599,695]),
left,[337,527,686,283,620,708]),
left,[386,495,708,262,621,699]),
left,[381,476,706,250,607,692]),
left,[361,481,706,265,582,707]),
left,[290,484,648,275,558,703]),
left,[287,489,633,281,560,703]),
left,[359,511,698,276,608,708]),
left,[375,499,693,248,610,684]),
left,[375,520,685,240,606,672]),
left,[370,513,683,238,602,671]),
left,[369,478,692,256,612,689]),
left,[323,507,669,266,561,690]),
left,[283,481,604,267,588,669]),
left,[281,479,597,264,587,664]),
left,[316,515,660,270,605,686]),
left,[348,521,665,258,606,677]),
left,[340,514,648,243,594,658]),
left,[343,513,646,236,593,653]),
left,[359,481,663,233,595,658]),
left,[366,484,675,229,588,661]),
left,[356,465,678,220,580,657]),
left,[334,463,664,222,578,655]),
left,[315,454,655,231,539,662]),
left,[292,464,641,248,532,673]),
left,[278,461,583,246,525,639]),
left,[280,463,580,246,528,632]),
left,[284,487,624,262,562,676]),
left,[351,515,676,259,602,685]),
left,[356,501,668,235,595,660]),
left,[359,487,671,231,591,660]),
left,[349,482,675,240,577,672]),
left,[307,467,653,249,569,675]),
left,[281,467,585,242,541,633]),
left,[278,463,574,229,548,613]),
left,[284,480,594,248,578,645]),
left,[331,509,644,247,594,663]),
left,[358,494,668,245,603,671]),
left,[355,482,671,233,587,664]),
left,[334,477,656,229,563,655]),
left,[303,459,623,219,530,635]),
left,[291,461,608,222,552,633]),
left,[301,467,616,225,543,636]),
left,[317,466,627,226,567,639]),
left,[317,464,624,219,567,632]),
left,[312,459,618,215,560,627]),
left,[312,461,622,223,551,636]),
left,[315,463,628,227,552,643]),
left,[327,485,641,237,580,654]),
left,[324,490,635,229,576,644]),
left,[321,491,628,226,573,639]),
left,[314,487,620,222,568,633]),
left,[324,498,634,232,579,646]),
left,[330,499,645,237,584,656]),
left,[334,485,644,232,581,649]),
left,[325,462,635,224,575,642]),
left,[320,466,639,233,548,652]),
left,[293,484,622,239,552,651]),
left,[321,498,640,242,581,656]),
left,[335,491,648,235,585,655]),
left,[332,458,649,232,582,655]),
left,[322,481,648,244,552,665]),
left,[315,497,643,246,570,662]),
left,[339,509,653,244,591,662]),
left,[336,479,648,231,583,653]),
left,[336,483,655,242,584,666]),
left,[312,497,643,247,575,665]),
left,[336,511,655,253,596,670]),
left,[348,502,664,244,595,668]),
left,[349,467,673,248,597,678]),
left,[327,504,671,263,556,689]),
left,[343,520,681,272,605,697]),
left,[367,497,694,262,614,695]),
left,[361,465,694,259,605,696]),
left,[330,514,690,280,571,711]),
left,[357,528,693,279,621,708]),
left,[376,507,700,267,620,701]),
left,[356,476,690,264,591,697]),
left,[298,501,646,268,590,686]),
left,[297,498,626,258,595,668]),
left,[339,517,652,253,601,669]),
left,[353,515,665,248,602,671]),
left,[354,513,675,256,604,683]),
left,[302,500,642,262,597,679]),
left,[301,500,623,258,597,666]),
left,[338,517,648,250,601,664]),
left,[357,503,664,241,598,664]),
left,[367,498,684,241,601,675]),
left,[351,475,689,246,557,685]),
left,[313,476,672,264,580,695]),
left,[283,479,610,268,547,681]),
left,[287,488,623,272,555,689]),
left,[333,470,687,262,557,701]),
left,[371,481,702,243,580,686]),
left,[372,476,685,216,588,655]),
left,[378,487,692,224,579,667]),
left,[376,496,709,254,589,698]),
left,[306,500,673,279,591,709]),
left,[279,465,579,260,563,633]),
left,[278,461,573,234,547,611]),
left,[282,472,584,277,580,654]),
left,[317,523,693,291,578,722]),
left,[405,481,736,271,633,721]),
left,[417,494,741,255,592,711]),
left,[419,506,758,285,637,741]),
left,[316,522,720,318,596,759]),
left,[286,476,602,327,570,721]),
left,[280,473,598,338,583,734]),
left,[310,537,730,347,605,789]),
left,[440,510,809,317,613,791]),
left,[462,518,823,303,641,790]),
left,[367,497,818,336,601,815]),
left,[308,486,728,374,592,836]),
left,[316,482,774,381,577,854]),
left,[452,496,879,304,672,833]),
left,[529,488,884,238,650,783]),
left,[475,482,890,274,656,830]),
left,[335,471,846,362,563,877]),
left,[302,479,789,388,551,893]),
left,[368,481,902,324,680,872]),
left,[470,463,917,253,682,838]),
left,[339,457,907,286,668,874]),
left,[284,463,780,352,570,908]),
left,[292,478,783,389,583,917]),
left,[375,467,919,306,682,884]),
left,[375,458,926,251,679,858]),
left,[285,456,830,286,596,892]),
left,[279,462,707,352,539,922]),
left,[308,493,844,380,624,918]),
left,[387,461,919,298,691,884]),
left,[297,460,885,279,626,890]),
left,[273,451,703,314,553,921]),
left,[289,483,797,383,622,932]),
left,[370,490,904,348,669,907]),
left,[410,467,944,258,710,875]),
left,[308,453,928,241,655,873]),
left,[279,459,729,322,571,923]),
left,[278,470,658,452,530,940]),
left,[306,495,780,430,629,922]),
left,[381,465,922,295,698,880]),
left,[296,453,894,253,635,855]),
left,[277,458,663,318,539,887]),
left,[276,465,654,432,529,914]),
left,[336,535,816,421,645,888]),
left,[461,496,887,300,651,837]),
left,[403,466,844,241,632,774]),
left,[295,452,755,271,554,764]),
left,[295,467,728,319,532,797]),
left,[342,496,788,333,590,796]),
left,[428,507,784,300,602,765]),
left,[399,483,759,270,589,736]),
left,[356,472,728,271,556,725]),
left,[303,466,698,284,567,729]),
left,[337,479,711,281,570,723]),
left,[358,479,701,259,558,699]),
left,[333,465,674,245,546,678]),
left,[310,468,653,245,546,672]),
left,[320,469,656,244,551,669]),
left,[335,479,657,239,580,663]),
left,[321,465,641,228,557,649]),
left,[315,469,638,233,552,652]),
left,[312,464,637,236,551,654]),
left,[330,469,647,238,583,657]),
left,[325,473,639,230,576,647]),
right,[324,523,598,217,579,627]),
right,[324,521,595,214,575,623]),
right,[323,521,600,216,578,627]),
right,[323,519,608,215,577,628]),
right,[324,519,613,219,578,631]),
right,[319,513,606,212,570,622]),
right,[322,514,608,214,572,625]),
right,[318,513,607,214,572,625]),
right,[322,519,613,221,579,631]),
right,[321,518,598,215,575,624]),
right,[324,518,600,212,572,623]),
right,[321,513,607,209,570,622]),
right,[325,520,614,218,578,630]),
right,[325,526,616,222,583,632]),
right,[329,530,593,219,584,620]),
right,[329,524,587,212,578,624]),
right,[327,523,607,210,576,625]),
right,[332,532,620,221,587,636]),
right,[326,527,616,221,583,632]),
right,[328,530,616,224,586,629]),
right,[325,524,577,214,581,610]),
right,[329,527,582,212,581,626]),
right,[331,528,601,212,580,627]),
right,[335,536,618,221,588,635]),
right,[329,531,617,221,585,632]),
right,[326,529,616,224,587,631]),
right,[330,535,600,224,591,627]),
right,[335,532,590,216,585,631]),
right,[334,527,589,208,575,625]),
right,[328,520,581,201,569,618]),
right,[332,528,585,214,583,629]),
right,[329,533,604,221,587,624]),
right,[332,537,623,228,592,634]),
right,[331,534,620,225,588,633]),
right,[335,536,622,222,588,636]),
right,[335,530,617,211,578,629]),
right,[337,528,601,204,567,621]),
right,[335,532,584,203,571,620]),
right,[339,539,579,214,587,626]),
right,[337,545,609,227,598,624]),
right,[336,546,626,232,600,634]),
right,[342,548,631,233,602,645]),
right,[341,543,623,220,590,635]),
right,[341,538,614,210,582,631]),
right,[338,536,583,206,580,627]),
right,[347,552,589,223,602,630]),
right,[340,553,613,230,603,615]),
right,[337,550,627,234,603,623]),
right,[340,552,626,231,605,635]),
right,[350,558,607,226,604,644]),
right,[351,555,614,219,598,640]),
right,[352,556,612,220,598,639]),
right,[347,556,618,230,606,644]),
right,[340,553,628,232,606,637]),
right,[350,563,625,236,613,641]),
right,[351,558,595,222,602,640]),
right,[352,551,608,215,593,636]),
right,[349,551,610,215,595,637]),
right,[354,564,615,231,611,650]),
right,[348,561,633,236,612,647]),
right,[351,565,637,238,614,650]),
right,[353,565,621,229,609,647]),
right,[357,563,600,222,605,644]),
right,[358,573,586,227,614,640]),
right,[356,577,623,237,621,617]),
right,[355,575,640,243,624,632]),
right,[355,573,636,237,620,649]),
right,[364,576,619,231,617,653]),
right,[360,565,611,212,598,639]),
right,[362,563,600,210,592,635]),
right,[362,571,597,217,606,642]),
right,[362,582,623,238,625,645]),
right,[357,581,638,242,627,623]),
right,[365,587,620,238,627,637]),
right,[366,580,586,221,613,644]),
right,[366,574,600,208,597,638]),
right,[373,586,617,222,618,651]),
right,[374,595,640,239,631,658]),
right,[372,599,650,247,640,642]),
right,[371,600,605,234,634,623]),
right,[379,600,591,220,624,646]),
right,[382,599,592,212,612,645]),
right,[391,610,633,234,636,663]),
right,[382,614,656,248,645,665]),
right,[374,615,657,260,653,650]),
right,[374,615,652,253,655,617]),
right,[388,626,606,239,651,626]),
right,[396,627,596,225,644,653]),
right,[399,630,615,236,651,666]),
right,[394,634,666,259,664,674]),
right,[369,632,664,268,669,644]),
right,[345,634,662,265,673,644]),
right,[387,643,602,238,666,629]),
right,[403,646,588,217,650,638]),
right,[414,651,595,223,655,664]),
right,[421,663,667,257,679,685]),
right,[410,659,682,277,689,690]),
right,[344,655,679,290,696,677]),
right,[313,664,674,285,701,633]),
right,[358,678,651,264,702,661]),
right,[422,687,613,231,689,632]),
right,[440,692,615,223,679,669]),
right,[446,702,665,253,705,694]),
right,[411,697,700,292,722,693]),
right,[334,692,696,307,728,644]),
right,[314,703,686,287,730,688]),
right,[340,713,621,252,725,666]),
right,[434,722,583,211,691,610]),
right,[457,731,590,212,674,627]),
right,[442,745,618,223,718,641]),
right,[321,746,679,277,757,688]),
right,[333,727,696,315,767,713]),
right,[353,723,699,327,768,708]),
right,[345,740,701,302,766,708]),
right,[375,759,627,241,747,644]),
right,[474,758,599,209,688,638]),
right,[481,764,597,208,692,647]),
right,[384,771,631,243,759,651]),
right,[328,758,699,293,779,704]),
right,[332,752,703,307,783,715]),
right,[316,766,669,279,780,694]),
right,[408,783,622,228,752,629]),
right,[493,786,608,201,678,658]),
right,[493,797,603,204,694,660]),
right,[356,802,619,231,781,636]),
right,[367,784,697,296,807,711]),
right,[397,773,709,320,813,719]),
right,[392,785,709,302,811,714]),
right,[309,809,628,237,788,642]),
right,[478,815,601,199,704,667]),
right,[475,821,608,205,715,671]),
right,[345,820,635,240,810,658]),
right,[442,790,713,328,838,711]),
right,[405,767,706,354,842,685]),
right,[442,793,714,326,840,709]),
right,[360,831,628,233,810,663]),
right,[476,842,608,200,684,664]),
right,[503,845,612,196,670,660]),
right,[396,842,630,217,785,655]),
right,[394,825,732,295,846,707]),
right,[397,805,733,349,858,746]),
right,[464,817,728,320,857,726]),
right,[414,847,651,228,827,668]),
right,[457,856,610,202,708,677]),
right,[556,846,601,198,661,668]),
right,[549,828,643,218,732,720]),
right,[455,807,753,290,809,744]),
right,[438,794,746,356,836,696]),
right,[434,794,721,345,849,729]),
right,[431,811,681,282,839,686]),
right,[343,828,579,213,780,632]),
right,[503,827,578,194,638,624]),
right,[543,823,643,195,632,648]),
right,[529,816,635,220,745,717]),
right,[409,793,751,322,811,729]),
right,[413,762,737,380,824,663]),
right,[322,717,709,391,826,708]),
right,[326,715,683,347,819,607]),
right,[363,774,664,279,814,634]),
right,[323,798,575,215,775,607]),
right,[481,800,582,197,653,601]),
right,[505,797,576,194,624,635]),
right,[504,813,603,201,699,669]),
right,[318,810,648,260,809,664]),
right,[374,763,709,347,823,731]),
right,[364,700,697,379,815,690]),
right,[383,731,698,358,817,700]),
right,[406,794,676,294,818,702]),
right,[405,813,590,211,750,651]),
right,[515,799,592,198,621,639]),
right,[523,795,618,192,610,635]),
right,[499,816,601,212,739,659]),
right,[382,796,694,300,814,682]),
right,[330,760,714,349,818,736]),
right,[403,759,698,328,817,687]),
right,[376,799,649,266,808,686]),
right,[450,811,579,205,720,656]),
right,[526,807,607,197,639,649]),
right,[536,818,614,211,726,661]),
right,[357,793,729,311,811,682]),
right,[419,744,723,378,816,698]),
right,[299,705,703,380,811,705]),
right,[404,762,701,334,821,687]),
right,[369,806,632,256,809,676]),
right,[407,817,601,212,761,661]),
right,[517,812,607,215,742,667]),
right,[527,788,663,258,767,733]),
right,[511,766,746,304,773,744]),
right,[430,755,745,342,789,750]),
right,[351,737,728,373,800,685]),
right,[402,717,713,378,798,676]),
right,[394,743,723,379,806,671]),
right,[367,733,737,394,795,758]),
right,[412,711,740,403,781,763]),
right,[443,716,739,388,778,759]),
right,[494,739,748,345,770,751]),
right,[518,745,747,272,740,732]),
right,[526,749,745,244,717,723]),
right,[514,753,675,233,712,714]),
right,[509,769,619,208,670,675]),
right,[487,768,581,199,640,651]),
right,[430,777,580,224,754,639]),
right,[381,750,687,300,787,693]),
right,[348,648,680,359,772,638]),
right,[285,556,662,379,747,716]),
right,[280,530,646,371,733,708]),
right,[319,600,666,341,752,616]),
right,[309,728,642,277,762,688]),
right,[466,740,586,221,704,679]),
right,[476,703,591,196,581,644]),
right,[481,703,625,199,581,644]),
right,[476,746,619,209,695,678]),
right,[307,747,630,271,764,690]),
right,[362,729,686,301,772,688]),
right,[338,735,656,286,769,682]),
right,[430,753,580,230,739,637]),
right,[475,741,577,196,618,650]),
right,[483,747,582,198,639,666]),
right,[436,760,613,247,753,630]),
right,[333,750,693,303,776,692]),
right,[372,748,728,316,775,680]),
right,[495,763,696,282,761,731]),
right,[508,780,619,224,725,693]),
right,[472,777,604,227,747,665]),
right,[330,765,643,274,785,690]),
right,[393,728,694,328,790,689]),
right,[359,722,703,336,781,724]),
right,[405,747,705,301,765,680]),
right,[496,757,629,227,707,701]),
right,[486,747,648,201,651,669]),
right,[415,732,585,233,731,637]),
right,[304,697,633,268,734,654]),
right,[300,688,673,287,730,697]),
right,[401,698,638,270,718,637]),
right,[436,683,608,237,685,676]),
right,[415,652,592,207,642,627]),
right,[394,629,585,230,654,625]),
right,[374,605,598,238,642,616]),
right,[362,581,611,239,626,618]),
right,[347,558,600,228,606,615]),
right,[339,544,591,224,596,612]),
right,[332,534,586,221,590,612]),
right,[335,537,591,222,591,619]),
right,[344,550,594,227,600,629]),
right,[358,571,600,229,612,638]),
right,[384,611,612,243,646,656]),
right,[410,659,644,259,682,663]),
right,[424,712,686,288,734,669]),
right,[359,775,698,299,787,662]),
right,[380,828,696,262,821,675]),
right,[352,797,679,283,802,669]),
right,[371,740,670,286,754,650]),
right,[412,668,641,262,692,634]),
right,[381,611,618,243,645,628]),
right,[355,569,599,230,615,627]),
right,[343,549,596,225,600,626]),
right,[336,539,595,223,593,624]),
right,[330,529,592,219,583,617]),
right,[333,531,592,221,586,622]),
right,[338,542,587,220,593,623]),
right,[360,576,593,230,617,627]),
right,[386,624,600,229,646,616]),
right,[397,691,615,250,703,649]),
right,[344,753,639,262,756,661]),
right,[346,815,654,254,809,670]),
right,[435,859,583,215,824,633]),
right,[406,847,606,225,824,657]),
right,[312,788,650,264,789,663]),
right,[419,706,638,266,720,638]),
right,[396,634,644,253,666,664]),
right,[368,587,641,240,630,657]),
right,[352,557,635,233,608,648]),
right,[335,531,621,221,585,632]),
right,[330,522,618,219,580,632]),
right,[330,526,619,220,583,633]),
right,[343,549,632,233,601,647]),
right,[348,559,633,233,608,645]),
right,[361,572,609,227,611,645]),
right,[362,567,635,220,607,644]),
right,[362,570,644,236,614,655]),
right,[353,565,641,246,617,657]),
right,[348,569,638,246,619,652]),
right,[351,577,608,233,622,618]),
right,[355,572,583,208,604,616]),
right,[365,571,599,207,591,632]),
right,[368,571,641,216,601,643]),
right,[372,574,651,235,614,655]),
right,[366,567,648,237,612,655]),
right,[376,581,658,249,628,667]),
right,[391,602,666,253,642,671]),
right,[407,617,677,254,651,677]),
right,[411,617,681,257,654,679]),
right,[408,611,683,264,652,683]),
right,[407,616,682,268,657,685]),
right,[410,622,683,271,664,686]),
right,[414,624,687,272,664,688]),
right,[416,629,687,268,664,687]),
right,[411,638,680,264,668,684]),
right,[379,608,620,238,640,642]),
right,[353,568,596,226,613,632]),
right,[330,538,575,212,583,621]),
right,[324,532,573,211,571,607]),
right,[315,527,568,204,562,597]),
right,[300,526,574,204,565,596]),
right,[292,521,570,200,558,592]),
right,[308,522,571,201,559,592]),
right,[311,520,568,201,557,593]),
right,[319,525,571,208,567,608]),
right,[325,528,579,215,579,626]),
right,[328,531,579,215,582,630]),
right,[340,550,589,221,598,634]),
right,[344,559,589,222,606,625]),
right,[365,589,597,235,629,616]),
right,[384,620,614,242,650,625]),
right,[410,657,648,255,676,663]),
right,[433,685,676,255,695,686]),
right,[470,724,707,257,724,709]),
right,[501,753,728,247,738,718]),
right,[502,755,735,263,751,726]),
right,[462,716,713,276,726,710]),
right,[411,649,676,257,670,671]),
right,[373,593,635,239,631,627]),
right,[351,560,593,226,607,619]),
right,[342,549,591,220,596,636]),
right,[331,536,577,208,578,622]),
right,[326,534,572,208,570,615]),
right,[323,534,568,205,568,613]),
right,[341,556,579,215,591,629]),
right,[349,576,591,221,610,634]),
right,[307,592,626,240,634,651]),
right,[285,604,640,253,646,631]),
right,[291,613,647,256,651,632]),
right,[307,611,642,244,645,660]),
right,[377,606,594,228,636,616]),
right,[379,595,612,207,610,633]),
right,[378,584,605,200,589,607]),
right,[390,606,638,211,616,647]),
right,[398,634,602,230,652,636]),
right,[393,664,645,260,688,636]),
right,[386,705,685,271,720,629]),
right,[444,745,714,265,747,700]),
right,[435,774,739,269,776,723]),
right,[392,787,751,342,819,716]),
right,[429,810,753,340,847,678]),
right,[470,850,709,234,826,685]),
right,[500,872,602,197,670,650]),
right,[533,872,644,200,678,632]),
right,[497,859,737,232,829,720]),
right,[405,851,739,258,873,709]),
right,[461,878,595,203,814,638]),
right,[391,892,576,193,662,630]),
right,[466,879,641,204,741,651]),
right,[491,854,737,242,853,683]),
right,[420,856,699,238,854,668]),
right,[413,876,635,196,755,643]),
right,[488,872,604,199,673,649]),
right,[517,850,650,209,747,701]),
right,[396,824,764,282,830,742]),
right,[462,815,745,321,848,694]),
right,[386,833,686,247,833,676]),
right,[432,851,608,200,701,650]),
right,[566,837,628,196,640,609]),
right,[566,804,719,211,700,693]),
right,[530,766,755,268,763,741]),
right,[489,739,742,333,768,745]),
right,[410,729,725,329,762,731]),
right,[431,741,716,292,755,703]),
right,[477,746,624,223,713,685]),
right,[485,728,664,219,676,681]),
right,[470,698,714,246,695,704]),
right,[447,676,710,290,702,712]),
right,[425,668,698,298,704,708]),
right,[376,671,689,290,706,680]),
right,[395,690,671,270,708,633]),
right,[435,685,619,234,686,668]),
right,[441,674,626,230,664,682]),
right,[424,649,686,253,666,686]),
right,[405,632,683,277,673,694]),
right,[370,638,678,288,684,692]),
right,[329,662,678,284,698,639]),
right,[401,668,615,253,690,624]),
right,[423,666,603,238,676,672]),
right,[423,656,664,247,670,682]),
right,[407,632,680,268,668,688]),
right,[380,609,666,273,659,682]),
right,[349,612,659,270,659,652]),
right,[357,628,611,248,665,660]),
right,[383,621,581,219,642,618]),
right,[393,617,592,222,635,656]),
right,[389,614,643,237,639,663]),
right,[373,600,654,254,641,666]),
right,[356,582,641,246,632,629]),
right,[363,589,598,235,630,618]),
right,[367,585,584,222,619,640]),
right,[369,583,618,234,622,652]),
right,[353,567,633,236,617,648]),
right,[350,566,620,236,617,626]),
right,[354,568,593,226,615,622]),
right,[362,573,583,218,610,640]),
right,[363,574,619,228,614,648]),
right,[351,561,631,232,612,648]),
right,[349,561,620,234,612,639]),
right,[349,559,582,222,605,628]),
right,[358,565,590,220,605,641]),
right,[357,564,622,223,605,643]),
right,[352,560,636,235,611,652]),
right,[345,556,624,232,608,638]),
right,[354,565,588,228,610,633]),
right,[358,567,590,215,603,638]),
right,[363,571,634,228,612,649]),
right,[360,577,642,239,623,656]),
right,[366,585,620,238,627,650]),
right,[374,593,588,232,628,653]),
right,[374,593,590,227,624,650]),
right,[368,588,607,235,627,651]),
right,[358,577,611,233,621,640]),
right,[357,573,616,236,620,638]),
right,[349,563,609,230,610,630]),
right,[347,557,608,230,607,631]),
