idle.-1,1,-1,-2,1,-1
idle.-1,1,-1,-2,0,-1
idle.-1,1,-1,-1,0,-1
idle.-1,1,-1,-2,1,-1
idle.-1,1,-1,-2,1,-1
idle.-1,0,-1,-1,1,-1
idle.-1,1,-1,-2,0,-1
idle.-1,1,-1,-1,0,-1
idle.-1,1,-1,-2,1,-1
idle.-1,0,-1,-2,0,-1
idle.-2,0,-1,-2,1,-2
idle.-2,0,-2,-2,1,-3
idle.-2,0,-3,-4,0,-5
idle.-3,0,-5,-7,0,-8
idle.-5,-2,-7,-12,-1,-11
idle.-8,-3,-9,-17,-2,-14
idle.-11,-5,-10,-24,-3,-16
idle.-12,-6,-10,-32,-5,-18
idle.-11,-8,-9,-39,-7,-21
idle.-12,-9,-8,-44,-11,-21
idle.-12,-9,-8,-54,-12,-20
idle.-12,-9,-8,-62,-14,-18
idle.-11,-10,-8,-67,-15,-16
idle.-10,-10,-8,-68,-16,-16
idle.-10,-10,-8,-69,-16,-16
idle.-11,-10,-8,-68,-16,-16
idle.-12,-10,-8,-64,-15,-18
idle.-13,-10,-8,-56,-13,-20
idle.-13,-11,-9,-46,-11,-22
idle.-12,-9,-9,-39,-8,-21
idle.-12,-6,-10,-31,-5,-17
idle.-8,-4,-9,-20,-3,-15
idle.-4,-1,-6,-11,-1,-11
idle.-3,0,-5,-7,0,-7
idle.-2,0,-3,-4,0,-5
idle.-2,0,-3,-3,1,-4
idle.-1,1,-2,-2,1,-3
idle.-1,1,-2,-2,1,-2
idle.-1,1,-1,-2,1,-2
idle.-1,1,-2,-2,1,-3
idle.-1,0,-2,-3,1,-3
idle.-2,1,-2,-3,0,-4
idle.-2,0,-2,-3,1,-4
idle.-2,0,-2,-4,0,-4
idle.-2,0,-2,-4,1,-4
idle.-2,0,-2,-4,1,-4
idle.-2,0,-3,-4,0,-4
idle.-2,0,-3,-4,1,-4
idle.-2,1,-2,-4,0,-4
idle.-2,0,-3,-4,0,-4
idle.-2,0,-2,-4,0,-5
idle.-2,0,-3,-4,1,-4
idle.-2,0,-2,-4,1,-5
idle.-2,0,-2,-4,1,-4
idle.-2,0,-3,-4,0,-5
idle.-2,0,-2,-4,1,-4
idle.-2,0,-3,-4,0,-5
idle.-2,0,-3,-4,0,-4
idle.-2,0,-3,-4,0,-4
idle.-2,0,-3,-4,0,-5
idle.-2,0,-3,-4,0,-4
idle.-2,0,-2,-4,1,-5
idle.-2,0,-3,-4,0,-5
idle.-2,0,-2,-4,0,-4
idle.-2,0,-2,-4,1,-4
idle.-2,0,-3,-4,0,-5
idle.-2,0,-3,-4,0,-5
idle.-2,0,-3,-5,0,-5
idle.-2,0,-3,-5,0,-6
idle.-2,0,-4,-6,0,-7
idle.-3,-1,-6,-9,0,-9
idle.-6,-2,-7,-13,-1,-12
idle.-12,-4,-9,-19,-2,-15
idle.-20,-7,-11,-25,-5,-16
idle.-25,-10,-13,-33,-9,-19
idle.-30,-14,-15,-38,-10,-23
idle.-35,-16,-16,-43,-11,-26
idle.-36,-17,-17,-49,-12,-28
idle.-37,-18,-17,-54,-13,-29
idle.-36,-20,-17,-57,-14,-30
idle.-35,-20,-17,-60,-15,-31
idle.-35,-21,-16,-62,-16,-31
idle.-34,-21,-17,-63,-16,-30
idle.-32,-21,-17,-64,-17,-30
idle.-32,-21,-16,-63,-16,-30
idle.-32,-20,-16,-61,-15,-30
idle.-32,-20,-16,-61,-15,-30
idle.-32,-20,-16,-60,-15,-30
idle.-32,-20,-16,-60,-15,-30
idle.-32,-20,-16,-60,-15,-30
idle.-33,-20,-16,-62,-16,-30
idle.-35,-21,-17,-63,-16,-31
idle.-38,-23,-18,-64,-17,-31
idle.-39,-24,-19,-67,-18,-32
idle.-38,-26,-19,-71,-19,-32
idle.-35,-29,-19,-77,-21,-32
idle.-31,-29,-19,-82,-23,-32
idle.-29,-29,-18,-83,-24,-31
idle.-28,-28,-17,-83,-24,-31
idle.-28,-27,-17,-81,-23,-30
idle.-29,-26,-17,-77,-22,-29
idle.-32,-24,-16,-68,-18,-30
idle.-35,-20,-16,-57,-15,-29
idle.-35,-16,-16,-46,-12,-26
idle.-28,-13,-13,-36,-9,-21
idle.-22,-7,-10,-24,-5,-16
idle.-12,-3,-9,-14,-2,-13
idle.-5,-2,-7,-8,0,-9
idle.-2,0,-4,-5,0,-6
idle.-2,0,-3,-3,0,-4
idle.-1,1,-2,-3,1,-3
idle.-1,1,-1,-2,1,-2
idle.-1,1,-1,-2,1,-2
idle.-1,1,0,-1,1,-1
idle.-1,1,0,-1,1,-1
idle.0,1,-1,-1,1,0
front.21,2,2,0,1,2
front.23,3,3,0,1,2
front.24,3,3,0,1,2
front.24,3,3,0,1,2
front.24,4,3,0,1,2
front.25,4,3,0,2,2
front.25,4,3,0,1,2
front.26,4,3,0,2,2
front.27,4,3,0,2,2
front.28,4,3,0,1,2
front.28,4,4,0,2,2
front.29,4,4,0,2,2
front.30,4,4,0,2,2
front.30,4,4,0,2,2
front.31,4,4,0,2,2
front.31,4,4,0,2,2
front.31,4,4,0,2,3
front.32,4,4,0,2,3
front.32,4,4,1,2,2
front.33,4,5,1,2,3
front.35,4,6,1,2,3
front.34,3,6,1,2,3
front.24,3,6,3,1,4
front.23,3,6,1,1,4
front.28,4,6,3,2,4
front.37,6,6,3,3,3
front.43,7,5,2,3,3
front.43,5,7,1,2,3
front.33,4,7,2,1,4
front.25,3,7,3,1,4
front.28,4,6,1,1,4
front.36,5,6,3,2,4
front.43,7,6,2,2,3
front.47,6,6,0,2,3
front.42,4,6,0,1,3
front.34,3,6,1,1,3
front.32,3,6,1,2,3
front.36,5,5,1,2,3
front.41,6,5,1,2,3
front.47,6,5,0,2,2
front.47,5,5,0,2,2
front.40,4,5,0,1,2
front.34,3,4,0,1,3
front.33,4,5,1,2,3
front.37,5,5,1,2,3
front.43,6,5,1,2,3
front.50,6,6,0,2,3
front.47,4,7,0,1,3
front.34,2,7,1,1,4
front.31,3,6,2,1,4
front.34,5,6,1,2,3
front.37,6,5,2,2,2
front.39,6,4,1,2,2
front.38,4,5,0,1,3
front.31,3,6,1,1,3
front.28,3,6,1,2,4
front.30,4,5,1,2,3
front.37,6,5,3,2,3
front.41,6,5,1,2,2
front.44,6,5,1,2,3
front.40,4,6,1,2,3
front.33,3,7,1,1,4
front.32,3,7,1,2,4
front.37,5,5,2,2,3
front.41,6,5,1,2,2
front.44,6,5,0,2,2
front.42,4,5,0,2,3
front.37,3,6,1,1,3
front.32,3,6,2,1,3
front.35,4,6,1,2,3
front.39,6,5,2,2,3
front.40,6,4,1,3,3
front.41,7,4,0,2,2
front.42,6,5,1,2,3
front.38,4,6,0,1,3
front.33,3,6,1,1,3
front.33,3,6,1,2,3
front.38,5,6,1,2,3
front.40,6,5,2,3,3
front.43,7,5,1,3,3
front.44,6,6,1,2,3
front.38,4,6,1,2,3
front.31,3,6,1,1,4
front.36,4,6,1,2,3
front.39,6,5,1,2,2
front.29,3,3,0,1,1
right.0,16,0,8,13,1
right.0,21,0,5,13,1
right.0,24,0,3,12,1
right.0,25,0,1,10,1
right.1,26,0,1,9,1
right.2,25,0,1,8,1
right.2,25,0,1,8,1
right.2,25,0,1,8,1
right.2,25,0,1,9,1
right.2,25,0,1,9,1
right.2,25,0,1,9,1
right.2,24,0,2,10,1
right.1,25,0,2,10,1
right.0,26,0,0,8,1
right.1,26,0,0,7,1
right.1,26,0,0,6,1
right.1,25,0,0,6,1
right.1,24,0,0,7,1
right.2,22,0,3,9,1
right.2,20,0,7,11,1
right.1,17,0,8,13,1
right.0,15,0,10,13,1
right.2,13,0,11,12,1
right.3,10,1,12,8,1
right.2,8,0,11,7,1
right.2,7,1,10,6,0
right.1,9,0,8,7,1
right.0,13,0,8,11,1
right.1,17,0,10,19,1
right.1,25,0,2,15,1
right.0,37,0,4,9,1
right.0,40,0,3,8,1
right.0,36,0,2,10,1
right.0,31,0,2,12,1
right.0,29,0,1,13,1
right.0,27,0,1,14,0
right.0,28,0,1,13,1
right.0,29,0,1,12,0
right.0,30,0,1,12,1
right.0,30,0,1,12,0
right.0,29,0,1,13,1
right.0,28,0,1,14,1
right.0,29,0,2,14,1
right.0,27,0,1,15,1
right.0,27,0,1,15,1
right.0,27,0,1,15,1
right.0,28,0,1,14,0
right.0,28,0,1,15,1
right.0,28,0,2,15,1
right.0,27,0,2,16,0
right.0,26,0,2,17,1
right.0,27,0,2,16,1
right.0,28,0,2,15,1
right.0,28,0,2,15,1
right.0,27,0,2,16,1
right.0,26,0,2,17,1
right.0,26,0,2,17,1
right.0,26,0,2,17,1
right.0,27,0,2,17,1
right.0,28,0,2,16,1
right.0,28,0,2,16,1
right.0,28,0,2,15,1
right.0,28,0,2,15,0
right.0,28,0,2,16,1
right.0,28,0,2,15,1
right.0,29,0,2,16,1
right.0,28,0,2,16,1
right.0,29,0,2,16,1
right.0,29,0,2,15,1
right.0,29,0,2,16,1
right.0,29,0,2,16,1
right.0,29,0,2,16,1
right.0,30,0,2,14,1
right.0,30,0,2,14,1
right.0,31,0,2,14,1
right.0,31,0,2,14,0
right.0,30,1,2,14,1
right.0,29,0,2,15,1
right.0,29,0,2,15,1
right.0,30,0,2,14,1
right.0,30,0,2,15,1
right.0,29,0,2,14,1
right.0,30,0,2,14,1
right.0,30,0,2,14,1
right.0,31,0,2,14,1
right.0,31,0,2,14,0
right.0,31,0,2,13,1
right.0,30,0,2,14,1
right.0,30,0,2,14,1
right.0,30,0,2,14,1
right.0,31,0,2,13,0
right.0,31,0,2,13,1
right.0,31,0,2,13,1
right.0,32,1,2,13,1
right.0,32,0,2,13,1
right.0,32,0,2,13,1
right.0,32,0,2,13,1
right.0,32,0,2,13,1
right.0,32,0,2,12,1
right.0,33,0,2,12,1
right.0,34,0,2,12,1
right.0,35,0,2,11,1
right.1,35,0,2,11,1
right.0,34,0,2,11,1
right.0,34,0,2,12,1
right.0,34,0,2,11,1
right.0,34,0,2,11,1
right.0,35,0,2,11,0
right.1,35,0,2,10,1
right.0,35,0,2,11,0
right.0,35,0,2,11,1
right.0,35,0,2,11,1
right.0,35,0,2,10,1
right.0,35,0,2,11,1
right.0,36,0,2,10,1
right.0,35,0,2,11,0
right.0,35,0,2,11,1
right.0,35,1,2,11,1
right.0,33,0,2,13,1
left.4,5,11,11,4,35
left.4,5,11,11,4,35
left.3,5,11,11,4,35
left.3,5,10,11,4,35
left.3,5,10,12,4,35
left.3,5,10,12,4,35
left.3,5,10,12,4,35
left.3,5,10,12,4,35
left.3,5,10,12,4,35
left.3,5,10,12,4,34
left.3,5,10,11,4,35
left.3,5,11,12,4,35
left.3,5,10,11,4,35
left.3,5,10,11,4,34
left.3,5,11,12,4,34
left.3,5,11,12,4,34
left.3,5,11,11,4,34
left.3,5,11,11,4,34
left.7,5,11,12,4,31
left.6,5,11,12,4,29
left.5,5,11,12,4,30
left.4,5,12,11,4,30
left.4,5,12,11,4,31
left.3,5,12,10,4,32
left.3,5,13,10,4,33
left.8,4,13,9,4,35
left.6,4,11,8,3,39
left.6,4,10,8,3,42
left.5,4,9,7,3,44
left.5,4,9,6,2,44
left.5,3,10,5,2,44
left.5,3,11,4,2,42
left.5,3,12,4,3,40
left.5,3,11,4,3,41
left.5,3,11,5,3,42
left.5,3,10,6,3,43
left.5,4,10,6,3,44
left.5,4,10,6,3,43
left.5,4,10,6,3,43
left.5,4,10,6,3,43
left.5,3,10,6,3,43
left.5,4,10,7,3,42
left.5,4,11,7,3,42
left.6,4,11,6,3,41
left.6,4,11,6,3,41
left.6,4,12,6,3,40
left.6,3,12,5,3,40
left.6,4,12,6,3,40
left.6,4,12,6,3,40
left.6,4,12,6,3,39
left.7,4,12,6,3,39
left.7,4,12,6,3,39
left.6,4,12,7,3,38
back.-1,3,2,24,6,1
back.-1,3,2,25,6,1
back.-1,3,2,28,6,1
back.-1,3,2,27,6,1
back.-1,3,1,25,6,1
back.-1,2,1,23,6,1
back.-1,3,1,23,7,1
back.-1,3,2,23,6,1
back.-1,2,1,23,6,1
back.-1,3,2,24,6,1
back.-1,3,2,27,6,1
back.-1,3,1,26,6,1
back.-1,3,2,23,6,1
back.-1,3,2,23,6,1
back.-1,3,1,23,6,1
back.-1,3,1,23,6,1
back.-1,3,2,22,6,1
back.-1,3,2,22,6,1
back.-1,3,2,22,6,1
back.-1,3,2,22,6,1
back.-1,3,2,22,6,1
back.-1,3,2,22,6,1
back.-1,3,2,23,6,1
back.-1,3,2,23,6,1
back.-1,3,2,23,6,1
-